>Example Matrix Header
 0.775510  0.020408  0.163265  0.040816 
 0.061224  0.081633  0.000000  0.857143 
 0.836735  0.000000  0.142857  0.020408 
 0.000000  0.122449  0.000000  0.877551 
 0.959184  0.040816  0.000000  0.000000 
 0.000000  0.020408  0.000000  0.979592 
 0.346939  0.122449  0.367347  0.163265 
 0.000000  0.000000  0.000000  1.000000 
 0.591837  0.000000  0.408163  0.000000 
 0.000000  0.183673  0.000000  0.816327 
 0.857143  0.000000  0.122449  0.020408 
 0.000000  0.000000  0.000000  1.000000 
 0.959184  0.040816  0.000000  0.000000 
 0.000000  0.000000  0.000000  1.000000 
 0.306122  0.040816  0.448980  0.204082 
 0.000000  0.000000  0.081633  0.918367 
 0.816327  0.081633  0.000000  0.102041 
 0.061224  0.000000  0.183673  0.755102 
 0.510204  0.081633  0.142857  0.265306 
 0.224490  0.081633  0.020408  0.673469 
